-1.0343208
1.1752661
0.63213711
1.872323
3.0168659
1.2908455
1.0399514
1.4357689
1.187342
-0.22099656
4.7098154
2.8306786
3.6870171
3.181198
2.206726
2.7005161
-0.37775566
4.5678613
2.8126259
2.2086964
-0.21146143
2.2416205
3.299568
4.3643847
2.6501003
2.8193496
3.1923941
1.8003699
1.2765898
0.81497202
2.91003
-1.4303854
4.2335178
3.1822425
2.3900915
2.4424447
0.42901861
3.2818729
0.80973812
3.3205177
3.6275511
0.060703696
-1.4733224
2.5059856
-1.4611483
-0.21987074
2.4028198
1.5993083
3.5397234
1.1702732
2.444233
2.0940801
1.8995429
0.99926901
3.7075947
3.600881
3.6274148
1.0921176
-1.1770283
2.3702241
1.8472516
1.1067955
2.9854981
2.9258001
2.4509676
2.6402688
2.9520828
3.6779749
1.2198468
4.1540524
1.8051062
2.1803807
2.1586677
2.9130172
0.97472421
2.9975622
1.3022704
2.8965926
3.2808876
2.6783047
3.4910366
1.627254
1.8226265
2.8549865
4.3202086
1.9194851
0.41507076
0.5488229
1.0406881
3.6613947
1.0208215
1.0128353
2.39889
3.1675364
3.4761817
2.5807541
1.7604214
1.1621717
2.6393035
3.8507818
1.7512897
1.5528521
0.70127331
0.94372714
4.3245074
0.41646288
2.9521012
3.566181
2.047757
3.7371711
2.196164
3.1651882
2.4743367
1.1979044
3.2695961
1.9057958
0.9187655
1.9084752
1.6032723
1.5160867
2.4476688
2.839806
0.65496039
-1.5356364
0.44559069
2.7058008
2.7295277
2.3022507
2.0547587
1.4903441
1.2388161
2.3155821
2.2505943
1.55033
1.0840089
-0.23492139
1.5665758
-0.86946406
2.2584299
-2.9705229
1.8032328
2.2040897
2.2106333
1.2553492
1.4877815
0.26036732
4.0194053
2.9720032
-0.4639488
3.3114804
3.5105033
1.3850729
3.793176
-0.80213146
3.4257035
3.4703761
3.503048
-1.9146031
1.4947707
2.307325
2.8017781
2.7264069
1.8394966
2.646437
-0.6549095
2.3904408
1.0317313
1.838873
3.7960254
2.9615179
3.4694477
0.66965433
3.2462923
3.1771767
1.3451132
3.1394361
3.2986336
3.6095008
2.7013629
2.8448823
2.1427885
2.1814107
2.1684003
1.5287932
1.2354082
3.7772856
1.491089
4.0836016
1.7496881
2.4433839
2.2859036
2.3440719
1.552838
1.3591505
2.5934351
2.371232
2.0146012
2.6941963
3.4656468
-2.7411822
-0.71860775
1.4594457
3.1292082
3.5212927
1.3505232
2.0292107
2.2281822
3.0045968
1.0000986
1.3680151
0.40245824
2.6461092
1.7546778
0.82537295
3.6874663
0.38424127
2.4480859
2.3210806
3.0057422
1.776661
2.5578002
1.4133545
2.0540303
0.38179004
2.3978486
3.753293
1.4224743
1.4632839
-0.81217181
1.9219781
3.4288577
2.9804038
1.7023626
3.0172178
3.350781
1.4212025
2.7426066
-0.50177392
2.2020957
2.1168811
3.7797839
-2.1073938
2.4980749
3.0785054
1.5341413
1.4334306
1.3677434
3.6805248
1.6445086
0.46456159
2.2106937
3.6403826
-0.50402747
2.4666758
4.7362617
2.436416
1.7442116
3.647623
2.0841706
2.4269087
-0.80833727
1.2601194
3.6773902
3.5247901
2.8754974
1.4054868
1.0767034
3.7897926
3.6696535
2.3634251
1.8086168
1.5855475
3.1693351
1.1821627
0.74154701
-3.4069396
1.6838066
3.0287687
3.1112547
2.6027634
1.4806938
3.4819323
2.9923199
2.6098392
1.856497
2.4205864
1.5510269
4.354557
3.3301289
3.5324001
-0.8252641
1.8167559
3.9435587
2.6607568
2.5816981
2.6793988
2.6012998
2.2199894
0.71700972
3.9568716
2.5725765
2.872616
2.3392866
4.6603302
1.685958
4.1266522
1.1057468
1.8624148
2.7231556
2.7645201
2.8295059
3.862448
1.5698054
3.4685152
0.20118771
5.0432857
3.2343868
3.0504896
3.1421328
1.3310511
2.2166789
3.9479114
1.8996913
2.9351543
4.1316879
1.7941911
3.9478122
2.2276362
3.5775339
2.6009334
1.0641949
3.3218434
1.9135307
1.7186839
0.90252488
1.832967
1.7093452
2.3229114
2.8699187
0.9094992
0.088232752
1.6479124
3.526498
3.6062163
2.8884459
3.1611421
3.7793944
2.0422896
1.4400909
0.86348165
2.641827
2.871742
4.7669425
1.6910787
3.3865574
1.8089903
2.6265972
0.37397563
2.9082409
1.4367992
2.2759492
1.918008
2.5975349
2.4528593
3.5987303
3.470659
2.6341395
2.3318728
1.5730013
-0.7111107
0.76572172
3.78953
3.2846412
2.1628474
3.2755527
0.99934428
4.1122329
2.4132294
2.9666689
2.8493564
1.5727635
2.1303265
1.2777422
3.1361961
1.8143577
2.4339477
2.8969285
0.51625919
2.4511042
3.3763277
2.3377222
2.4662086
2.7827192
-1.9610495
1.8233521
2.064379
3.6932194
2.6713991
3.2254368
2.9299225
-0.27788272
-1.9740582
2.0388302
1.8618717
1.8188522
4.0823427
2.3423004
-0.26630933
1.9127505
3.0764217
0.11323901
1.277347
1.2707454
2.7362168
1.5988579
1.0866625
-0.0054903146
2.1703366
3.5430549
2.6186043
2.4921394
1.2906385
1.1327372
2.6338993
3.2311597
2.9056594
3.0831414
2.1977544
2.8841245
2.1363567
1.9888699
0.70474928
1.183093
2.6419391
2.0532092
2.3247841
1.3550912
3.4108279
2.3975388
2.5571072
3.3210704
1.7908642
3.6529935
1.3700022
3.0940052
1.4586472
2.2992457
1.6713964
4.2621111
1.3158578
2.6740906
4.1506011
1.3128137
2.1854087
4.2407367
3.4649686
1.5897393
2.7363318
2.8906302
4.3631306
0.57880694
0.44506176
3.11439
1.1279282
2.3335813
2.4468443
3.9620783
2.1470973
1.5580871
2.8076044
1.5518138
2.6487933
2.2891565
1.5701894
1.4226237
1.1842605
2.5871289
2.182802
3.541669
1.6648549
0.79497878
2.8947739
2.0942252
2.2742768
2.6579662
2.5678022
2.9302921
3.7486637
1.4064197
4.4201076
2.7035028
2.1526625
4.083583
1.1448154
3.7157671
3.2561236
-1.4040268
2.4357997
0.065173542
2.7232596
0.99944668
1.7948134
0.86438437
-2.371211
2.1464646
0.40428319
2.6731949
4.381351
0.61099607
1.0708426
3.4963638
3.8179943
1.6183684
2.9462687
1.84677
3.2959596
3.691815
3.3456069
1.6859635
1.8347084
0.11494292
2.0441896
2.596695
2.7988877
3.1175232
1.6605802
3.3662737
1.7929004
2.354842
3.5490208
1.0779279
0.48630045
1.7619891
1.6275717
3.2725839
2.5738777
1.7903016
-0.28715922
3.8191082
3.428115
0.61949665
3.52682
1.2275356
0.18958603
1.0352866
1.9349187
1.7100414
2.3942265
3.13321
1.9461672
3.7189642
2.2067181
2.6846098
2.5681188
3.8508289
3.6797932
1.3745298
3.0012527
0.98114236
0.54026324
0.50981134
2.1241319
0.96562096
0.99981697
4.6104088
0.14858332
2.486542
3.7698213
2.9446804
2.6865876
3.0044987
1.4633615
2.9759563
2.8203135
3.3185487
2.9930556
1.8698149
1.5984542
4.48988
3.2433004
2.5499237
1.5962833
3.1629485
2.6035202
2.4105831
0.96818343
0.86607527
3.6670901
1.5159683
2.8067433
1.9210171
1.5252241
2.6894936
2.8519687
3.5592742
0.66487404
0.92759204
2.8231047
2.8087682
2.3856405
2.6915059
2.1290736
-0.44931311
-0.31104619
3.0681464
0.57381336
2.5874251
2.7990458
2.5473214
1.6331515
1.465111
1.9195164
-0.39347983
0.66720616
3.1517236
1.0435696
3.6735985
1.5268279
0.70062104
1.5490534
0.0068422585
2.6445365
1.7315697
1.2562644
2.3714407
2.335393
1.5921168
2.5874587
-0.52681087
3.0480768
2.5606721
1.4510698
0.99959525
2.7063175
2.9296605
2.6292147
1.6411242
1.7292905
2.6723081
1.7741363
1.6550098
0.40748961
1.3928268
3.370719
2.9227292
3.3785122
3.591276
1.185378
2.1367604
-0.285017
1.687919
4.0345946
2.8233007
2.0689383
3.0033206
1.6279388
2.3584408
0.42207129
1.4011854
4.3737504
3.3664621
1.1419686
4.1813033
1.8960644
2.7251441
3.8835029
2.937709
4.0661124
-0.42372737
1.4443227
1.4829445
2.9984513
2.1886217
2.8489925
3.7324141
2.0812896
1.4571553
2.3507268
1.5769487
0.67383087
3.0089075
2.0720305
1.3706654
2.1828163
3.0200039
2.7537645
3.2634031
2.858749
1.6668445
-0.87192465
3.4418915
2.3110128
1.7386202
0.057016906
2.0062687
1.7236712
1.993275
3.0730566
3.0078719
-1.2034005
2.0233723
1.368027
3.4689162
1.0284942
1.3498745
1.1919584
4.0956866
0.85413477
2.8671838
1.9186771
2.360764
3.0145416
1.2250748
-0.1763961
3.6519828
1.6419118
0.15645573
2.0994588
1.6154514
1.8658317
3.0208042
2.7914366
-2.6839818
2.8412275
1.5214233
2.3006501
3.8425496
-0.50675428
3.1115464
1.2646244
0.98048395
1.2774965
1.6011479
1.5582957
1.0824751
2.7715118
2.710141
1.4898217
3.0149381
3.1413063
3.6395257
0.92991884
1.0567168
2.6903803
2.2544183
3.7303596
-0.79226961
0.93443266
2.9174341
0.7670393
3.4109409
3.1637406
2.8690405
0.76216464
1.5899851
2.5498054
0.84614802
3.0312148
4.0032996
-0.25980976
3.8570702
3.4502761
2.1571606
1.69802
0.8664696
2.7184765
1.7209071
1.0679928
3.5529578
1.9626279
2.6291175
1.7058405
3.0970288
2.2892499
2.1695046
3.591888
1.8728952
0.093183927
0.00045307118
-1.8033504
2.3849371
1.0956699
-0.56476658
2.3500928
3.3053044
4.3856501
1.0015863
3.6193144
1.7436865
1.9362963
-3.058034
3.4593248
1.6255392
1.9483601
2.4960691
2.2945403
1.696439
2.2746835
2.2241599
2.502488
0.94613504
3.3814764
2.100596
0.52093612
1.2639513
1.5565809
2.7459518
3.4719229
2.4755161
1.1536451
0.81966812
2.6958628
4.1668181
1.9727901
2.9324644
1.7238468
3.811726
1.5650242
1.5873995
2.0118386
3.6355262
3.9134899
3.0371716
3.4596815
2.3830954
2.5523419
4.0246776
2.0446178
1.6269925
0.65284678
2.0764539
2.6908486
3.6354232
1.5595647
2.4708649
2.2845553
2.2807179
-0.083722363
3.2165229
4.1417427
1.9244559
2.3040764
-0.25194203
0.041793453
2.3751385
2.5658053
3.3471039
2.8489677
-0.52942377
1.4251105
3.6360769
3.8686354
3.356088
0.60783052
-2.0823906
-2.5465321
1.6173285
1.3564782
1.9280111
2.4379395
1.3764959
0.30558925
2.2434563
2.0955434
1.688356
4.7201045
1.9528288
4.3289501
3.3362064
2.9230275
1.1200274
2.1012569
0.98120904
-3.1297375
2.9878701
3.8782477
2.8994803
3.0393374
2.8065065
3.5879904
2.5596977
3.0176179
3.7940213
2.7015386
1.3845973
1.8684261
3.6983365
1.5985324
3.0253329
2.2459388
3.464161
2.5312863
2.9128698
2.0095829
1.9131221
3.6871008
3.162653
3.6554112
2.974305
2.5493887
0.59632738
1.7343957
1.4311125
2.2398793
1.2099369
0.83145307
3.6443932
2.2026148
3.7352934
1.9848042
0.07809107
3.2899601
0.99926901
3.9911464
3.3206561
1.5097307
0.99941781
3.6732985
2.612919
1.5735665
2.7842108
2.7358591
4.3548175
-2.6498204
0.94438438
0.8868776
3.7657062
2.6474168
1.9527955
2.736413
0.47086496
1.28562
-0.59069062
4.181662
3.6028559
1.4295337
3.2081836
3.3635309
3.3792005
-0.93532518
2.2933858
1.6247024
1.5501761
1.5197945
0.66834877
1.1242833
1.38471
-0.19134095
1.4304945
1.3455194
0.82959348
2.9723248
1.2518314
3.3070287
1.1051683
2.9931181
1.8934817
1.9465653
1.3563324
4.0797781
1.6642742
2.9785212
2.1268482
2.1814019
3.0975828
3.7333808
2.2839938
1.8669129
1.9627674
-0.39820154
2.8224725
3.144897
2.6161817
2.5764383
2.2618048
1.5763732
3.787672
3.4639433
3.4436438
1.8976676
2.1762458
1.1532136
2.8909673
0.57736255
3.6088895
4.6069747
0.76195184
2.8062714
3.0191929
1.4565151
3.0643117
2.9465286
2.1889748
3.9490558
3.6881697
2.3695119
2.5616775
-0.4279902
3.7881716
2.6710596
3.3731059
3.5086794
3.4781602
2.3369445
2.3003173
2.9868721
1.0083265
1.0000652
0.79390538
-0.010215216
1.5553914
4.2429929
0.75086179
3.8236636
2.1471102
3.6862161
2.2898178
-1.3132304
3.7533999
2.9854513
2.5123936
2.9069411
3.125917
1.7877241
1.0218794
3.7452749
0.52248436
3.5905634
0.41212984
2.0569622
2.2041374
3.7203858
0.47278381
1.3032331
1.5859582
1.5543815
3.1285799
0.9997255
2.6302078
3.0014199
2.6522748
1.787231
1.4816947
2.9078418
3.8332396
3.1570176
1.8434337
3.2149933
1.0215312
2.7945394
4.2325292
2.6224682
3.5676236
2.0661884
2.9982737
1.9769948
3.3584792
1.0955105
1.3361537
3.274512
2.8633711
2.8674615
4.0713814
4.0848719
1.7548142
2.5061783
1.0001624
3.0083901
3.8036981
3.7781541
1.3050046
1.5802307
4.0517064
3.5410012
1.0491739
4.2735169
1.1730232
2.8429959
2.6786984
1.4022502
2.261084
2.2330858
2.5402
2.9071545
1.292713
2.107762
1.4483362
2.455781
-0.59598871
2.8041188
3.3580816
2.2434641
2.4570168
1.0810191
3.1791009
2.4456091
0.80211984
2.1002438
2.5488895
2.6740932
3.3450121
1.3778346
3.2596386
0.97473878
3.8797794
1.7744388
4.5075579
2.2812086
2.7031164
1.0002765
2.009232
3.199187
2.2146692
3.8540611
1.757427
1.2440307
3.0844411
1.1907195
2.6696065
2.6035929
1.8508351
1.5524253
3.7942402
2.4394697
1.5230958
-0.030736667
2.9825191
3.6039103
2.2640419
3.6520611
2.8439638
1.8184066
1.2370607
0.072926974
2.9050533
3.0837438
4.7189625
1.5667001
3.9215511
1.1157338
1.6320645
1.749014
1.2735661
3.0079471
2.7361411
4.3563301
3.3155524
3.1133852
1.4703351
2.077275
0.69182231
3.4592246
-0.82613815
3.0208637
2.0846982
2.4963968
3.1601823
1.8773011
4.1527574
3.9974336
1.0790833
1.6824759
2.5597285
1.2988152
1.1109379
1.0952769
1.3838472
0.89088503
2.5500882
2.0656087
3.633678
1.2133629
3.6424823
3.3052641
4.131085
0.99926901
2.6923345
2.9038192
4.4694458
1.0272151
2.7958381
2.7940017
3.2832279
3.6072775
1.9112957
3.0864167
3.3262844
2.5102642
1.9627214
2.7060991
2.7952122
1.000094
1.1472846
0.48638238
1.7498729
2.4755201
3.899951
3.0984714
1.9639426
2.1794063
1.2970581
1.2978013
4.0288502
0.94696676
-0.028230005
1.5300888
1.8687301
4.2837754
2.7595617
1.7742082
2.5430083
3.9916677
3.9666856
3.3015207
4.3509101
3.6869066
4.2330667
1.8178108
3.2902351
2.3706037
1.2775608
3.7085875
2.6168481
2.2390841
2.5263784
1.687841
0.61651723
4.0253994
3.5131067
-0.50757
5.2412093
2.3608461
2.9737621
0.95644829
2.26014
2.1708105
2.371078
2.6487906
3.4501546
1.8882372
3.4026801
1.7160136
2.0884283
3.5096963
2.9357171
2.5355458
3.4464845
3.1995972
3.7010775
1.4742337
3.8417134
2.4038656
3.0636823
2.9921386
-0.11967429
1.444185
3.3310711
3.9795591
-0.31134284
0.99905019
4.9454488
2.4031154
1.7998219
1.3633005
0.77107982
2.3455645
1.5409155
0.5556942
3.8952426
0.99237167
2.3716097
2.4000011
2.5430876
2.1434385
0.81074517
2.0111459
3.6034734
1.8198557
3.2538233
3.1203986
0.72775425
2.2426599
1.9780479
3.3463963
0.83630741
3.3663658
1.3189324
3.6006247
1.0677865
2.9371067
2.6861402
2.0963822
2.1743742
4.4989743
-1.1584944
3.9590842
1.5043643
3.9122474
2.1934732
3.2928115
3.3746042
2.0180926
2.8972384
1.2072899
1.7924101
3.7003849
-3.0521991
3.0832584
2.354274
0.69304382
2.7375416
1.3364606
2.86928
1.1107731
2.8211946
3.2749441
0.074023945
3.3104749
2.5062862
-0.77755177
1.262899
1.8566803
0.18388807
3.0812742
2.6288971
1.3676049
3.1047959
2.0354897
3.5838557
3.4640744
3.8343114
3.9042743
-0.97307553
0.79336639
0.64932579
3.5356022
0.33589637
0.69571113
3.2956394
3.4996695
1.8034704
3.1576297
3.4401791
2.5143461
3.569308
2.3012287
3.539838
1.7938047
2.8212926
2.3281211
3.7237289
1.1380045
1.9867344
2.6865716
3.4942983
2.4734542
3.2041556
3.9520092
2.3393344
2.397472
2.3682562
1.3603092
3.7930524
2.5909902
2.5766799
2.7043944
2.9310453
-0.48208302
3.3579875
0.89647049
2.4467898
3.3876309
1.6572658
4.4777429
2.3821349
5.1835794
3.3120922
3.586027
-0.23658391
1.9868796
0.6965159
3.3759362
4.0395185
1.4452586
3.0852235
1.3141497
2.5243949
3.0235864
-0.47999692
2.5300349
3.8073837
2.8818131
2.9868793
1.3329173
-0.14354204
1.5118907
-0.45948542
2.6722164
3.8837537
3.2248241
4.1611688
3.4144614
4.3028868
3.1742468
0.92652945
2.5114685
2.7389898
3.4314803
2.0604553
-2.3685839
2.7462561
2.5379166
1.7747067
1.5280614
2.3483716
3.9173013
3.6611425
2.4430303
2.8788874
3.4498149
1.0683475
2.0292414
2.847376
1.5928792
2.9127269
2.9736762
1.7818917
3.0686168
2.200634
3.4225237
2.7861001
2.8372534
3.8168914
3.3533451
2.1926947
2.7181275
2.587736
-0.32440219
4.0134893
2.2699114
1.9788149
3.510357
2.1091482
2.9674767
2.4765678
1.6299212
2.9203905
4.1793391
1.3735597
2.0912053
0.71234027
1.6953645
3.2642199
2.9375606
0.51505734
1.1728085
2.8739798
1.2788412
1.0744329
2.3279622
1.8325994
0.37745996
3.0316607
1.6848271
3.5675806
1.8290498
1.2269146
2.5257181
1.9973136
0.99993618
2.1068871
2.4964285
2.5303343
3.6695056
1.8370139
3.4767496
3.0330762
2.8672121
1.7770581
2.7845727
1.7677261
3.5483579
3.146526
2.5627015
2.2068002
1.3490521
0.015252789
1.8349093
3.4712119
2.7810194
3.5668515
-0.85068474
1.4081353
3.5732845
1.1729921
1.3120471
2.2226136
2.2693623
2.2697092
2.9361648
2.9657835
2.1994777
2.0956203
1.6823891
2.7615148
1.6138232
4.1098832
4.1997823
1.9640477
3.1021177
-0.08211573
3.5305161
1.2569632
3.1241229
3.4091649
2.6120443
2.4609998
2.3445379
0.0084605492
1.739566
-0.54746524
4.4873958
1.9263415
-0.053978732
1.4622805
2.6922155
2.8528687
2.2727067
3.0261984
3.2062683
2.754786
1.1449668
2.7387823
1.7942838
1.5897674
2.7881023
0.74773716
0.51507261
3.3726911
4.2239785
2.6806366
1.235435
3.6166882
0.84842632
2.5913264
0.22516084
1.1675233
3.1900261
3.3821186
1.4972739
1.482603
0.91946474
3.3125788
2.896981
3.4843928
2.0058389
2.3967631
3.6638414
1.534293
4.1170032
-0.14085614
4.0129221
3.719435
-0.30707233
4.5792637
2.6270324
3.3803184
0.58430796
0.61317325
3.5709979
2.9295673
0.65167402
3.4285524
0.93758574
1.6819476
2.0316922
2.7613707
3.4292989
0.8462685
3.1215725
2.9128756
1.4687556
4.1252354
1.2055497
1.5237851
3.7374077
1.9543369
0.70422334
1.9618187
-0.26402152
1.2223365
2.051935
1.1789493
3.8475035
2.3101876
1.1458772
2.7364018
1.1754867
0.59293553
3.2536288
0.73888601
1.9386611
4.3087087
0.72284061
-2.806342
2.5249471
1.9437062
2.2406724
1.0627406
3.5050705
0.99988533
1.3913083
0.53900458
1.8493098
3.0112303
0.89640395
-0.62915449
2.7824614
4.1989263
2.3350374
2.5724006
1.9775232
3.2317198
1.6101665
3.0121676
0.58715978
2.30034
2.1662522
-0.86339878
3.6111439
1.8692326
2.0930557
0.95499553
0.73464976
-0.21667716
2.8753715
-0.92723544
2.9317347
1.4585349
3.0711094
3.127315
1.2270871
2.3092392
0.99928258
3.8459683
1.8382074
1.3109994
3.7602203
3.3054898
3.7203593
2.137559
2.4543104
2.6463247
1.2011243
1.3927995
2.2873542
1.3948874
2.0755092
0.53501786
1.6758421
2.7799819
4.0923154
3.6144409
1.8223701
-0.15851937
2.1541441
1.4121316
1.8161108
0.43462716
2.5519962
1.6780479
2.4104224
3.4929954
0.048995902
1.8723785
1.495511
1.3659341
2.7411216
3.3073672
0.25935989
4.132017
2.8495088
0.98403789
2.6318264
1.0578538
1.5007194
3.0543092
1.0453694
1.0537334
2.0791502
2.846237
4.118095
2.9193771
3.0187384
0.75735032
2.043937
2.2431456
4.1805123
3.0323395
2.8278595
1.33825
2.1529392
1.2002158
2.7296915
2.7151213
2.8644346
1.1626016
2.103678
1.7533469
3.4444078
1.6643536
1.4619022
3.4901333
3.284464
2.2071923
1.1535696
2.4932309
-0.21857867
3.8756707
0.05147622
0.65229604
-0.28700225
2.5009388
3.6193294
2.6511811
1.4741494
2.5126355
3.2710959
2.4206478
3.1047819
-0.13267725
3.0951092
2.7668558
3.680972
3.3474575
1.8396184
2.0982966
1.0963999
2.0532769
-2.7939254
1.9937498
4.0515226
3.6007534
2.0733098
-1.1416011
1.4127509
2.8565417
3.1859805
3.4147537
1.1128323
0.68175987
3.5323622
2.8779668
3.7342993
3.2960924
3.4755225
0.21829154
1.6443446
1.7408148
1.2109481
3.4740379
1.9311836
2.191283
3.7443727
2.2625682
1.5477547
0.97173665
3.0433105
2.058946
3.7869154
1.6846619
3.0949781
2.3263622
4.8976793
1.6341875
2.6499174
0.90508037
1.3606046
3.3058863
4.5221963
-0.07311264
2.2410158
2.1784274
0.33985789
1.2992181
1.0972233
2.997192
2.0974321
4.3427023
2.4188808
1.4694576
1.2527158
3.4436256
1.3260315
2.42719
2.252453
4.2480576
2.2998596
2.3592387
2.089078
1.5615371
2.9265969
-0.0084435086
2.3850566
2.8277138
3.8403736
2.5252635
3.2569683
3.3957192
0.79209279
2.7779821
1.3422659
3.4150397
-1.7887524
0.62399243
2.5756906
-1.2862995
-1.8203808
2.2137472
1.4585585
1.0005181
0.82430215
2.8723845
3.5949644
2.1687308
2.4639311
2.7341124
0.92633489
3.4247762
3.0470212
0.41218232
1.2542613
2.1128389
4.3535805
2.6626804
2.5585336
1.4791888
-2.078868
4.0695591
2.0999768
0.95278747
1.0400461
2.0900499
3.3176919
1.8489758
3.2618442
3.8153107
3.2177432
1.2769995
2.6009826
-0.54680429
2.6867705
1.852046
3.2755385
1.1758318
4.1625222
1.8213953
3.0891688
1.6985025
2.687519
2.4819454
2.2142466
3.4088386
3.2245058
3.8153852
1.1886195
2.5774923
2.5864996
3.363767
2.3562207
3.0705082
4.1296181
3.4127972
2.041129
4.3450569
1.6421505
3.0820395
1.9981834
2.7632165
3.5464329
2.6199378
1.3397602
4.2067469
0.713262
3.5071296
4.1799061
2.4433011
2.6571003
2.4057647
1.6997708
3.0818001
2.7679422
2.9620843
3.5863304
2.6354044
1.3801998
0.27830523
1.241592
4.0500855
2.6454031
2.4168392
2.8709801
2.1510107
0.96416503
2.2292978
2.1674848
2.2848748
1.9832417
2.1361131
3.9237701
0.93295709
3.0099817
2.9648058
1.2576282
2.3540068
3.3134407
1.5046729
1.3133859
0.35294927
2.7316952
3.5220777
-0.4494902
1.9640644
2.3199339
1.9938618
1.9712557
0.070164193
3.1940806
2.9849019
2.5768193
3.3490634
0.76244157
2.4391817
1.8604627
1.6791306
3.0745183
1.5110344
-0.16770056
3.1330212
0.87402582
1.3170381
2.8057576
2.1772589
2.0487812
2.9386755
2.1385313
1.2962404
4.0541577
3.2624338
1.820041
3.5519787
2.956156
3.2469191
2.0203988
-0.9344317
2.3237426
0.30776802
4.1456695
1.4869575
1.3427044
2.1024367
2.8062175
1.1740917
1.891794
1.2710476
3.2494189
2.0694377
2.271948
3.289672
1.0666053
2.2572495
2.2063056
2.7965379
2.0084887
1.8603484
2.9940734
2.8871092
4.1834547
2.17847
1.5704119
1.9705914
1.699113
2.2246999
0.94751793
2.8040115
3.1815939
2.7495566
-0.61262826
3.4253706
3.1609644
2.4463283
2.5377708
2.7456367
4.1131523
2.5742534
3.9779303
2.8974084
2.9523265
3.4544603
3.5238715
1.1984809
1.8177677
0.75055382
1.7268951
2.9544541
1.0296182
3.2003834
2.6513871
1.5395699
-0.42751889
3.8409677
1.8224467
3.4796621
3.3868477
2.1407252
1.4434354
2.2552935
2.058113
2.1079554
2.699807
2.8998896
1.9463671
1.0006127
2.2814467
1.4686485
1.0924326
2.2962601
1.9893509
3.1682512
1.3450388
2.6342976
1.3833788
3.322015
4.5286826
3.3303403
3.6176915
0.84672892
3.6980193
1.7314266
2.760102
2.1209285
1.8757498
2.0057658
4.3618859
3.1397425
2.0847573
1.1411666
1.1101594
3.2194926
0.97847461
1.6887075
0.82468121
2.8144127
2.5894173
1.6485011
3.5285493
2.7840651
0.23371906
2.6960379
2.4780571
2.0415252
3.6396942
2.5775784
-2.0387124
2.028777
3.2206481
1.220716
0.96141795
4.4611962
3.6368264
3.9497211
2.3796885
2.734455
3.6181825
1.1032625
2.3186264
1.8401688
0.40224768
4.2242561
2.9054449
2.9474139
3.0917328
-0.37531808
-0.20564871
1.2565009
0.99936608
3.0033665
3.3027934
3.3389031
3.8720602
3.0810133
3.6636774
0.89559397
1.0419575
3.2949694
3.6648276
2.3969275
1.7649711
2.5660307
2.4674678
2.6823437
1.3754899
2.1184428
2.1973031
1.8173132
4.0454687
-1.1462522
0.76607008
2.5158695
4.0994985
1.4278852
1.7435552
4.1103429
1.3679923
2.665269
1.1122994
0.89138739
-0.4172265
0.70351202
1.9913008
2.1874973
4.113832
2.763415
3.8046144
2.5185837
1.4234896
0.4965176
3.3767304
2.0196448
1.4882077
3.8139084
1.1954255
2.1778197
3.7489137
1.0516831
2.4473412
0.93288981
2.6040289
0.013517776
1.8623171
2.9149248
1.3582982
3.1555741
3.1744956
4.255152
1.8541379
-1.998487
2.9427506
3.7212272
-2.2718027
2.1260569
2.3065645
2.9829334
3.1944976
-0.91604146
2.8337974
3.2455353
1.5264046
0.4724851
1.1888238
3.1225557
2.5880921
3.1907352
1.9351112
1.6551453
2.1999336
0.68890278
0.07069623
1.1769491
1.9261509
2.8699921
2.7024099
1.6971772
2.776737
2.8673775
1.8064016
2.5751361
3.1151064
3.8810974
3.670844
2.6136909
3.2653245
2.3049901
4.174812
3.2606005
3.6550677
2.5211075
4.1702375
1.6147638
2.5845312
2.9138705
3.9541775
3.5132198
1.6514474
1.7747976
1.9687995
2.8047699
3.0657283
1.2798901
1.6367483
3.9475761
2.7377342
5.062209
1.991476
1.3185274
2.7416703
1.4685442
3.278272
2.9441745
2.1832337
1.299974
1.1699489
1.8923851
2.491531
4.065295
2.739739
0.73834057
1.4889103
4.0244354
2.5094808
2.7486552
1.5866679
1.6122245
2.0670279
2.7786909
1.3628384
2.1766734
-1.0871068
-0.45530841
2.312207
3.0920145
3.1525028
3.8082078
3.1127389
4.031412
1.6859095
0.67098154
2.3481531
1.342015
2.0929427
2.7553677
3.9486294
4.0674977
0.99926901
0.95700459
1.316334
2.7512056
2.1166123
1.2392477
0.82159576
3.0165994
1.3042341
3.1838502
3.9295651
2.2344169
3.7125949
4.1224508
2.7218157
4.1221294
1.0272736
1.9084932
0.73653542
-2.4692898
2.3640174
2.4164557
1.8454416
4.0347042
2.3966299
1.2784523
1.8895598
2.6318072
-1.4275213
0.93905899
3.8807679
2.9193326
1.8146926
2.003385
3.5202334
4.0160755
3.2149076
3.6585179
3.2535356
0.54715178
1.8508159
3.8105216
2.5006582
1.8004587
2.0978737
3.3618925
0.37514479
0.99961072
3.9677846
2.4117182
3.6819887
0.9995461
2.1671364
5.0958026
3.6628265
3.9423686
1.9532566
3.7093299
1.4665386
1.9058065
3.3648282
1.2440091
0.97656969
1.8912765
3.4030222
3.6033187
1.8106453
1.2723741
2.4404088
2.6775898
1.6274614
1.5186557
2.4953857
2.7589546
2.0987677
2.2705966
3.4318643
2.1296092
2.4406028
3.1681456
1.352508
0.97943026
3.2233462
3.5190122
4.5536629
2.2858018
2.2890256
1.519298
3.1437556
3.1955097
1.0847112
5.3978638
1.2105262
1.4287196
3.4702411
3.2870542
0.9223077
3.3107424
3.4858525
0.44510363
3.2872887
1.0388204
2.7473652
2.2236135
3.0520242
2.7283908
3.7163721
0.28167814
2.27795
-2.7936569
1.4347147
1.4735422
2.7431091
2.1050843
2.4627824
1.0414994
1.7275056
3.2728304
1.2162394
0.70395662
1.4991149
3.9428371
2.8088028
4.191377
4.583328
2.3015317
3.373248
1.8679751
2.7190507
1.8266912
3.7620806
2.3710987
2.8204335
2.8014235
1.0034046
3.7941191
2.6006412
2.0870705
1.2569749
3.1580562
1.2205283
1.4277916
3.2338781
2.0967097
2.4187488
2.8973901
0.75973659
3.3566598
3.3719153
3.3020039
0.9662995
1.0812491
1.1823541
-1.2986544
3.525854
1.3800129
0.96735908
2.9774017
1.6641067
3.4434144
2.5811946
1.8769918
1.4035052
3.0793669
0.15446486
3.6906614
1.9728311
3.7952905
1.4040407
3.136052
3.1505091
3.9195161
2.2027107
2.4323759
3.9504553
1.0556993
2.0792756
2.9653093
1.8484397
3.0920562
2.9449556
4.0304241
4.1450996
2.8706947
2.4730512
1.0004155
2.2832536
-0.71698674
-0.16762554
3.749329
2.9252917
-0.26008428
3.1764537
1.3938909
3.1383013
3.9851294
2.0323582
2.8089398
1.0426358
-0.0016451354
1.7389896
2.7558517
3.9633346
1.4353758
2.620167
1.6387501
2.0798819
2.1438212
1.6291628
3.3429045
4.8964589
3.167496
1.1374921
3.9670979
0.35416934
1.5926899
1.8320748
2.0201171
2.4517082
0.57009804
3.5307724
0.55000969
2.4879098
2.1852507
2.3357581
3.8569178
3.0850941
-0.63703518
2.3076618
2.4001609
2.773751
1.8670578
2.3334733
3.1512915
2.6865436
1.5525046
0.61336737
1.8151293
3.4317081
0.75628377
1.7649124
1.8102902
4.3136839
2.1410551
1.0424027
3.6298263
2.0190866
1.9237887
3.9242968
4.0937545
2.3711732
3.2009492
2.5727646
1.6767159
-0.74576466
1.3731708
2.9122802
2.5277738
1.0371188
1.0001368
2.3201381
3.3780561
3.3267137
3.2914759
2.765987
1.9010852
2.9582162
1.0327445
3.0641159
3.7447633
4.3959843
2.4367154
0.41159556
-1.6990762
2.0545539
3.5968496
2.874923
1.0047974
3.4265352
0.64886054
2.6732481
3.2179209
2.9902463
1.3977874
3.2191128
2.9723258
1.385915
0.91770662
-0.56393695
1.9288348
3.0156171
1.5565508
2.3888915
3.01825
2.8771069
3.2856641
0.6895537
3.7470514
1.7445837
1.95972
3.5137805
1.6936569
0.83431347
1.7408347
-0.44890718
0.80086119
3.4243531
1.1946041
3.7251663
1.206019
2.8785475
1.5756565
3.1839841
2.4505977
0.87597479
2.3105924
4.077546
0.9788025
3.6947847
1.4640795
2.037918
3.1276928
3.7987107
2.6447917
2.6924527
3.2074101
0.36917993
1.3752879
3.5665135
1.3154312
2.6630753
2.3160937
3.9085319
2.0701912
1.3986694
0.91282035
1.0005293
2.9466002
3.7936852
3.2525149
2.4688487
1.7054388
1.0069376
3.1646884
2.0827214
2.051449
3.3733138
3.5941053
-0.015803965
3.8111877
2.5542552
3.694445
3.1207284
3.5131507
3.5652624
3.3135249
1.6134356
1.0000547
3.847651
0.44391623
0.97740547
2.9966898
2.3281117
1.982853
4.4201807
0.85295792
4.6294876
0.9843934
1.7275443
2.1375397
1.6301408
3.8861316
2.287397
1.210346
-0.2488876
2.7244475
1.4849646
1.4932579
4.4087126
4.1478709
1.9685973
2.3741915
3.6405954
1.9212659
0.78624533
3.4513886
3.0167555
2.197049
0.67948077
2.6066763
3.1924254
0.55986903
1.3743114
2.9963869
3.1370251
3.5841838
0.46655304
0.68384787
2.2896999
2.4868874
1.2906771
4.3344158
1.9673691
0.31910018
3.0387528
2.090212
2.435135
2.7624972
2.9786472
2.5035651
1.4748366
1.3197264
2.9497803
3.7897357
2.8290028
3.4509073
1.9253604
3.8834282
2.205591
3.2005978
1.7066618
1.2305602
1.2235559
1.9209442
2.6175527
4.4557149
2.6311662
2.6649828
2.7942685
2.2387683
3.0941121
0.46369995
2.966379
2.2082363
0.12570437
2.1510939
-2.7897824
2.4151985
1.9670521
1.2222138
0.8245007
4.0858847
1.8337785
1.5737717
2.1880503
0.36434769
2.1270021
2.9694486
3.2318043
3.4998285
2.391647
2.4419658
3.6240035
2.9184336
2.2400168
2.7718319
4.6130137
2.5371067
1.4996337
2.8176044
2.7747893
1.4383551
1.6169484
1.4875494
-2.0562043
2.8898498
-2.234801
2.6232839
3.2211014
2.793638
1.2192155
2.7762276
1.0227465
1.852984
2.2271579
2.618935
0.50519898
1.5645594
1.5468983
1.6593621
2.7523791
3.0626644
-0.57938566
2.4501802
-0.24725251
-2.5668512
2.9510689
1.1282741
2.6380843
2.7708946
3.6511954
1.8987846
1.0711721
1.8222114
2.6102655
2.3689855
1.776656
2.4022081
2.9995113
1.3282393
1.8822405
3.4765504
2.7684601
2.595014
1.6889619
2.0303831
0.99448436
0.27514691
1.7083557
2.4614601
0.75225119
3.0300967
3.4795137
4.3370837
1.3147214
1.4608715
1.1383499
4.2619415
0.77371039
1.6790897
4.4445608
3.8698373
4.0736538
3.8210317
4.9731931
3.8118789
1.3168095
3.2623405
2.8085205
3.2508251
3.6124121
2.5104482
3.886451
3.8077379
1.6870142
3.5173617
3.5490546
1.6748992
3.6543932
1.1531021
3.701774
2.3867693
1.5747808
3.2115365
1.5129265
3.752491
2.386916
2.7940882
3.1179464
1.5180369
-0.30500413
1.0847613
2.7414363
3.6388641
1.9108037
3.6674526
-1.3343944
3.1159184
2.4199785
2.6716456
2.2865442
-0.23802007
0.79753412
3.382284
1.3796497
2.0770358
3.9529723
2.6910578
0.61847302
4.6206572
3.8779271
-1.2966425
1.8864525
2.2980572
2.1213329
2.5579233
1.0221009
2.074756
1.0000532
1.6213295
3.5387981
1.510592
3.2668962
2.7866947
3.032046
2.7088673
2.3686035
0.059568577
-0.33000249
0.38014482
1.8711202
3.8057441
0.33710524
1.762773
3.9427335
3.144076
3.8135238
0.20213418
1.9012103
-2.4391292
2.0258656
2.5523158
1.9782417
2.9569128
3.5596563
-0.0032642412
4.229079
1.7950476
2.1219195
3.3090547
3.013088
2.7935927
2.6161643
0.46876876
3.8309206
2.9672815
4.068256
2.2511574
1.677137
2.1907013
2.3385413
3.7463001
3.5089536
1.2529298
0.73654182
1.4240229
-0.31983664
3.338994
1.9276864
-2.3675412
3.1742783
3.0628276
1.6471359
2.5226547
1.9786374
1.2209396
2.8661144
2.0179812
3.5019937
2.568761
3.8380467
-0.053918906
3.004849
1.4996946
2.2898706
2.9287132
2.9450541
3.3687461
3.0727021
3.2416579
1.9032503
0.99989978
1.8027632
3.6152782
0.1707057
4.1965126
1.4470034
1.0156869
1.3038217
1.1837599
3.2141329
3.3966255
1.0821272
4.1959899
3.0753093
2.9474866
3.6687563
1.1416226
3.3144402
1.7491051
3.6017082
2.2816869
4.5741867
0.1903887
3.9520837
1.2509678
0.83849175
-0.007897177
5.3235542
3.4322592
1.777855
3.1041367
0.23088184
2.2487055
1.1574004
2.353277
3.7671628
4.0308672
2.2608959
3.2281177
-0.5598047
2.2483105
2.3977347
-0.64350576
0.79282877
2.4102928
1.1655333
2.9627441
1.6547098
0.69698702
2.1984932
1.8351361
3.2096685
0.96398504
2.2539598
4.2263704
2.7284379
4.0993977
1.9302949
2.5197004
1.7729502
1.1866119
2.5530415
0.69824437
1.8857134
2.4184806
2.8625362
3.2673516
2.7192149
1.5796814
1.9053991
2.481807
0.69711534
1.9512782
1.7679869
1.7853426
3.8465005
4.8070569
0.71417135
4.1955857
4.1394015
4.3640791
2.378846
0.28582964
1.1253903
1.4105999
3.8463342
2.0975233
1.6098231
1.7965902
3.8691433
1.0372201
1.8739296
3.0052094
-0.28766117
2.2991676
3.5995202
2.9100776
2.3576448
0.71862198
0.37018811
1.6141317
0.61339553
1.0536455
1.887867
0.6954193
0.99959174
1.3865177
1.9920816
2.9780669
3.3938701
3.2664168
3.7256061
3.2282593
3.2786247
2.1423514
4.2253178
3.8023374
3.0096116
0.5575277
2.771158
1.0005582
2.404343
1.0872258
1.2590808
2.6722134
2.0922163
0.99965259
3.5363982
2.6397169
1.0791779
2.8769267
3.2516136
0.99985495
-0.31908003
0.92977675
3.7073283
0.84822194
3.0197371
3.225224
1.830786
2.2866954
2.2316538
1.4270385
3.6684354
1.5032812
2.269351
1.5606265
3.4769883
2.8887632
1.9093859
2.2625674
1.9996488
1.0001884
2.9991917
3.8300344
3.3495359
0.55468874
1.2146353
4.4232987
0.43466882
2.6230038
1.7956184
0.85080789
1.3563268
2.6972762
1.8763745
4.0076964
0.028592619
4.0435406
1.2679996
0.23115539
3.7441182
1.0048616
4.3781578
3.3914854
2.4519166
2.2256487
1.8646686
4.4393787
1.5975368
2.954032
3.4694195
1.4979141
1.4980873
3.089506
3.148545
1.5266996
2.173132
1.2886891
1.1555556
2.8732738
3.8886392
1.8464195
4.2528377
1.6935231
3.0203987
2.2670974
2.3194393
2.3153041
3.1562116
3.08729
2.374004
1.6698375
2.9201191
2.2404472
1.8958364
1.7204586
-1.0598648
1.6841708
2.4200754
2.0740804
1.9106758
2.574893
1.7012505
1.0420753
2.8008372
2.6413923
2.7180351
4.624399
1.6220368
-1.2708419
2.5959472
3.1900422
1.2490919
4.9179893
1.7097924
0.56087178
1.5905617
1.5516465
3.2225716
1.5105776
2.109384
-0.69662563
1.352804
2.245082
4.2277617
3.8062933
0.94247117
3.0614646
3.0295723
1.2035625
0.42862348
3.2006988
1.4517856
2.9745724
0.87616804
2.1536351
2.2954354
3.2440254
2.0017086
3.043494
2.2914044
2.9520859
-3.302636
3.3430919
2.3956374
2.5600285
0.95628699
2.6622991
2.669368
2.0199244
2.5612217
4.0636255
2.0391006
4.2728593
2.8772806
2.4227781
3.4008728
3.2034355
1.9285568
3.4967853
2.8682575
2.9106043
3.1299217
1.6719125
-1
-2.269648
-4.4408306
-2.1260842
-1.1235082
-0.21325038
-2.8716894
-2.6958846
-3.3937598
-1.3522793
-1
-0.71818622
-1.8988571
-3.3388043
-2.5430404
-2.3732902
-1
-2.1894664
-2.5253141
-0.75296179
-2.8547507
-1
-3.6518802
-0.12714086
-1.5877463
-0.15078987
-0.53020366
-3.7655779
-1.7745014
-0.61020569
-2.0116826
-2.2952255
-2.0386893
-2.5323336
-3.7396324
-2.9737309
-1
-2.0208476
-1.9618745
-0.17637168
-2.7997202
-2.634212
-1.5000078
-1
-2.6505131
-3.9106695
-1.4425813
0.17273807
-1
-3.2973041
-1.5090865
-3.1799136
-3.314376
-4.6465553
-2.3250217
-1
-4.0228752
-2.9654195
-3.1841748
-3.9210414
-3.6689148
-2.2093415
-3.9112876
-1.7346453
-2.8630692
-2.23858
-1
-2.4726391
-2.5101896
-1.8578621
-1
-2.3440691
-3.1334377
-2.4909125
-2.1126221
-1.1282992
-0.52944552
-4.454616
-2.298808
-1.42772
-2.1097887
-3.238506
-3.3971914
-3.2300221
-1
-4.1257632
-0.25949932
-2.2491919
-1.9476143
-1.7150052
-1.7728818
-2.1766899
-2.1673178
-1.161042
0.61033136
-4.2467912
-2.8631084
-3.3287498
-2.5606518
-1.2920463
-0.85363833
-2.1774208
-1.9982865
-1
-3.4731443
-0.31388456
-2.6288496
-2.3378964
-1.6862683
-1
-1
-4.4991181
-1.4593288
-1.2989019
-3.3323288
-1.4481043
-2.1550893
0.165572
-2.5017367
-2.0653864
-0.41294007
-2.8884956
-1.9661552
-1
-2.4654858
-0.62844687
-2.0147994
-2.0907929
-2.0514878
-2.8762013
-2.8214952
-1.1442936
-2.0879711
-2.7431287
-2.1676325
-3.2471529
-0.48966228
-2.8145353
-2.5672931
-0.29489184
-1.1948059
-2.7069282
-2.8516589
-3.7572377
-1
-2.6521996
-1.930853
-3.2608534
-2.2625568
-2.7867618
-2.3147522
-1.9543691
-0.51933117
-3.3747597
-2.7847935
-0.29959441
-0.41088223
-0.94136095
-1
-0.844245
-2.5236367
-2.9341367
-2.7934856
-3.4500917
-1
-4.0373116
-1.8773516
-5.3425974
-0.51714222
-1.9246825
-2.6778026
0.078081793
-1.5055731
-1.9733212
-1.424423
-1
-1.7695596
-1.925896
-0.95763305
-1
-1
-2.6080527
-0.86053495
-1.9030173
-1
-1.858385
-2.8047273
-1.9454329
-2.6495297
-1.681374
-2.7752433
-2.4125179
-2.4456804
-1
-2.2344434
-3.7701067
-3.0702904
-2.6811756
-2.364642
-0.84725329
-3.522516
-3.1063879
-2.16133
-2.2611085
-2.8861121
-1.7655807
-1.5405835
-2.143754
-2.3219001
-3.8396458
-3.024571
-1.5903072
-1
-2.6738073
-1
-1
-1.6365122
-2.3030314
-2.4140674
-1.913377
-2.8434913
-2.4871969
-1.9011551
-2.6016288
-3.0000404
-1.5977348
-1.0899608
-0.77011578
-1
-2.525072
-2.3057155
-3.6327829
-2.2858708
-1.8408622
-1.9958663
-1
-2.5192735
-0.23828055
-1.4322715
-1.8774662
-1.3034291
-0.65643232
-3.690712
-0.94892687
-3.0111514
-1.3536299
0.7970763
-1.2108451
-1.0477314
-1.8587353
-1.3130749
-2.5975132
-2.5857612
-1
-2.5821715
-3.9860425
-0.93073147
-1.6956317
-0.84643755
-1.4822345
-2.7151652
-1.0096401
-4.2554698
-1.0810857
-1.0338992
-4.6573188
-2.7835617
-1
-0.88851073
0.26638388
-2.0860131
-0.36481808
-3.6536261
-2.5690722
-1.1002478
-2.8990113
-2.7002366
-0.75465509
-3.2816579
-0.29304561
-2.4317905
-1.8949068
-3.1836565
-3.9808841
-1.373358
-1.3744146
-3.1673539
-1.0265806
-2.3638035
-2.148432
-0.48392035
-0.61217495
-3.8252486
-1.7638361
-1
-2.9973412
-4.2263403
-0.98921852
-0.02770137
-1.8774282
-1.0806571
-2.0710665
-1
-2.0276883
-3.7211688
-2.3320287
-4.2857489
-0.66118695
-2.8896072
-1
-2.677221
-4.6699378
-1.8233236
-2.4890708
-0.84570493
-2.5453347
-1
-0.07600176
-1
-1.5836583
-1.8893236
-3.7277072
-0.26702103
0.13758539
-3.1984911
-2.5892633
-1
-1.4227027
-1.748388
-1.8488696
-3.8586818
-1.0228038
-0.2478274
-1.705131
-3.7858691
-2.3473009
-1.7691275
-2.4055661
-3.431745
-1
-2.0101439
-3.7525356
-1
-3.7943281
-2.23404
-1.3937257
-2.2028923
-3.5390668
-2.6359189
-3.5032317
-2.9660657
-2.1559333
-3.3051784
-3.0891624
-4.5271176
-2.5934442
-0.33830383
-1
-2.4187483
-0.99989169
-1.8121344
-0.75370091
-4.2066462
-1.6758844
-1
-2.706932
-4.3889297
-2.9331249
-1.9151355
-1
-1
-2.0592594
-1
-3.3972217
-4.0031141
-2.6769755
-1.6355794
-2.4453063
-1.6009959
-4.0722236
-2.7927224
-1.4262052
-1
-0.94229422
-1.0929363
-1
-5.2043741
-3.5588016
-2.3332775
-1
-1.5744412
-0.78204459
-3.3716228
-1.8323099
-3.3813313
-1
-2.9272729
-1.9568343
-1.0043615
-2.680977
-2.923724
-0.95124326
-2.4601686
-2.775783
-1
-3.6741408
-4.6158064
-2.9979832
-1.0206426
-0.94720728
-1.5624988
-1
-0.71976931
-3.5359449
-1.8050921
-1.445076
-1.7309619
-1.2500353
-1.5256469
-1.8793523
-1.8291856
-0.90524352
-2.4108819
-1.3759849
-1.9642695
-1.8182828
-1.9781242
-2.3593885
-1.4123346
-2.2740078
-0.50428539
-1
-1.648517
-2.1934762
-4.6962806
-0.49521432
-2.5102013
-1
-1.2774768
-2.7729714
-1.9019391
-1.3354269
-3.530345
-1.4826768
-4.5853968
-0.62813911
-3.4532125
-2.8910719
-1.7637012
-2.6723796
-1.8906183
-2.5327372
-1.4910284
-2.8803712
-2.4140556
-1.0460204
-1.8407635
-1.9316327
-2.2002688
-3.6781059
-3.4519185
-4.5219746
-2.3638075
-1.2266981
-3.0735413
-0.99990283
-2.5648666
-1.4612603
-2.1333954
-1.765666
-2.3972579
-0.20010854
-1
-3.498544
0.0085107283
-4.2110865
-1
-2.7973731
-1.4759502
-1
-3.2241854
-2.4138565
-2.3316864
-0.37069565
-1.2193388
-1
-1.7454465
-3.1321769
-1.8207931
-2.0991948
-1.2246705
-1.2242004
-1
1.1065576
-3.2267687
-0.87717398
-0.87833341
-5.0000544
-2.8479448
-0.71888129
-0.3209306
-3.1003808
-4.4790167
-1.1852404
-1.945118
-0.96165489
-4.2457614
-4.8520532
-1.1183079
0.34582024
-1.3660763
-2.0061873
-2.0820252
-4.3136279
-1
-1.3422119
-2.2486836
-5.0084463
-1.358852
-0.99985664
-2.2251431
-1.4448241
-2.7242829
-2.83491
-0.99247637
-2.7359103
-1.4620921
-2.5761341
-1
-1.4207717
-1
-1.0000045
-4.0444133
-1.9799919
-0.83102604
-2.6686961
-1.5553211
-1.7783967
-3.7670069
-2.8217081
-1.2191653
-2.7761318
-1.0195097
-2.9226381
-0.64299516
-0.64217219
-1
-1.9733085
-3.9390858
-2.1021131
-2.6920695
-0.52370804
-1.0249528
-1.1234561
-4.0190741
-2.4478357
-1.7924817
-1.2767174
-3.1589778
-1.2221406
-1
-3.908774
-4.2908183
-2.3130366
-1.2637066
-1.0005425
-1.5272458
-3.6612467
-2.0558314
-3.734815
-0.27054975
-1.8179866
-1.4792032
-0.67141977
-1.4114524
-4.3161855
-1.8908132
-4.2920595
-1.0589119
-1.2178885
-3.565397
-3.4274908
-3.0743015
-3.5190319
-2.9618063
-1.894032
-1.8284108
-1.6626666
-2.5200562
-1.8348253
-0.7399966
-2.3883569
-2.5078117
-1.3146659
-3.85759
-1.0927016
-1
-0.97022289
-2.8081574
-2.7490745
-1
-0.808666
-0.96977775
-3.8758867
-2.6879995
-2.1170019
-1.671472
-1.9072162
-3.2869074
-0.93416676
-1.6900731
-1.9356415
-4.5098187
-1.6831052
-2.7474021
-2.7118316
-0.059411471
-2.0801212
0.69000631
-2.4639597
-3.9770404
-0.43034957
-0.40906701
-5.054011
-0.41812202
-1.8115052
-1.4642909
-2.1096886
-1.8603443
-1.9057379
-1.59001
-1.8486646
-1.8030505
-1
-1.3592937
-1.5141254
-0.18719534
-1.8099727
-4.0793703
-2.5192155
-3.5449859
-0.14255483
-2.3734859
-1
-1.467967
-2.4541435
-2.564088
-1.0003406
-3.1736682
-2.2144058
-2.2000623
-3.6668445
-4.0291867
-1.4624113
-4.2034
-1.6226373
-1.0678176
-3.192987
-4.3261653
-1
-3.5593255
-1.8188917
-1.8844865
-3.0644238
-1.1223246
-3.0446096
-0.55350643
-1.3224978
-1
-4.084868
-2.003802
-3.3079375
-1.6039137
-2.1054716
-1
-1.2539805
-1.8476708
-4.6404284
-0.58933601
-2.1315025
-0.82019471
-0.44492159
-4.1552569
-1.4816445
-1.4427616
-0.78544777
-0.84137894
-2.6630546
-1.3623332
-4.9819331
-3.6905453
-0.89936804
-4.1502361
-1.7219721
-1
-2.9484226
-1.566447
-4.7302862
-2.1782337
-1.2868814
-1.5703927
-3.3049487
-3.5245927
-1
-2.3819902
0.17999247
-3.5844655
-1.4983371
-0.63884024
-2.0247964
-1.9443659
-3.5152166
-4.7940327
-3.8109436
-4.1100552
-0.42373263
-4.9500158
-2.7843909
-1.5080254
-1.6827525
-2.3724661
-1.0839971
-1.3610756
-1
-3.6303818
-1.465606
-3.2983348
-1
-4.6038924
-0.92049069
-2.012165
-0.93000654
-1.4742519
-2.0302077
-1.5201014
-1.1535453
-1.1275703
-0.82097462
-1.5616843
-3.277229
-2.7239954
-1.9521388
-3.489762
-3.5829088
-0.33441794
-3.1139872
-3.2463402
-1.3183301
-2.2770108
-1.489386
-1.5195271
-0.84819564
-1
0.34732153
-3.0974721
-1.9486593
-1.4162034
-3.0558331
-1.6685144
-2.3498628
-3.4511847
-1.5838652
-3.6026148
-1.8202566
-4.8419491
-1
-0.23734798
-3.2089893
-1
-1.9704633
-2.062202
-0.80961222
-1.5917554
-1
-2.0531105
-1.8426287
-1.9909169
-1
-1.7917835
-0.46370941
-1.1749922
-2.8499607
-1.3962908
-1.4821357
-1
-1
-1.4644772
-2.8814633
-2.8152939
-1.9865109
-1.9454422
-2.7450976
-2.3450181
-1.9960793
-2.3754344
-1
-0.60098341
-2.567689
-1.4012661
-1.2495112
-3.7589256
-1
-1.8797187
-0.9610738
-2.0313391
-2.4382269
-3.5630713
-1.8727835
-4.5725679
-1
-4.3917562
-2.0626909
-1
-2.0298255
-1
-2.209403
-2.5892561
-3.0217014
-0.53909062
-0.92997621
-0.80468619
-4.4259526
-1.4355544
-0.99282766
-1.2160032
-3.5986544
-2.090374
-2.2481329
-4.4927539
-1.2245288
0.022085533
-3.359147
-1.7876727
-1.1078428
-3.9265845
-3.0018227
-1.4486965
-4.1205461
-2.0501158
-3.0122881
-2.2899344
-3.2629019
-1
-1.7488134
-0.30055168
-3.1053102
-1.5495048
-3.4895647
-2.9190865
-1.9247769
-1.9479124
-2.0607534
-4.3649069
-2.9149176
-1.8098275
-1
-2.4101801
-3.435853
-4.9136356
-1.0488833
-0.92712396
-1.7987076
-2.5413842
-3.4699639
-1.954437
-1.5764019
-3.0204014
-2.730845
-3.3934367
-3.1101576
-4.0321478
-0.65881856
0.65985789
-2.59958
-0.36890009
-1.5188878
-0.93916242
-0.5598914
-3.8949821
-1.297745
-2.7995681
-2.023884
-3.3634883
1.0977238
-1.0784487
-3.1271096
-2.99489
-2.0421099
-4.5372457
-2.3921816
-0.93697402
0.29861618
-1
-2.1196836
-4.4436497
-2.2013134
-1.9163248
-3.3949919
-3.1405132
-1
-2.8848503
-1.8303202
-1.318596
-1
-2.3735953
-2.4998631
-1
-2.4028415
-1.0571794
-3.0057219
-3.8438558
-4.0270955
-2.1613208
-3.5121684
-2.4838088
-4.7895972
-2.240226
-4.8723973
-1
-2.0677391
-3.9927678
-2.099467
-1.9256176
-1.758836
-1.506419
-1.14353
-0.55112325
-1.4316549
-0.96911389
-0.16443396
-0.84484162
-1.5619215
-0.54590218
-1.2316705
-2.1962089
-0.58477721
-0.9190198
-2.7911732
-1.463515
-2.3353499
-3.5976367
-5.2631929
-1
-3.6821503
-2.3852494
-2.404409
-1.7927764
-1.9414083
-3.473748
-1.7958017
-3.9607927
0.8210535
-3.3989565
-0.96473249
-1.7942545
0.46803133
-2.990413
-3.1168451
-0.9999194
-1.6465632
-2.3153682
-0.63674768
-1
-2.2616984
-3.1694801
-1.6519477
-3.4585337
-1.0403073
-2.2735884
-2.1022267
-2.428326
-1.8512853
1.0823534
-0.87614531
-2.3543115
-1.3432657
-3.0954427
-2.7591686
-4.2217299
-1.0315602
-2.6213502
-1.6887301
-4.2816308
-3.33263
-3.0613377
-2.2206287
-1.0397733
-1.6942493
-0.91626312
-2.2531743
0.075677485
-1
-2.7407072
-1.5162739
-1
-2.2646194
-3.0567117
-3.3825153
-1.0385496
-1
-2.3792698
-0.44246107
-0.31347207
-1.1947227
-0.18136433
-2.0107294
-3.0870333
-1.0008426
-1.8466771
-3.803899
-2.8488851
-0.90312312
-3.3202124
-3.5717067
-4.4301166
-2.0342088
-1.9747362
-2.4178173
-2.6437493
-3.2159095
-2.1417379
-1.6226729
-1.558649
-3.5515613
-1.0061181
-1.0006577
-0.47749861
-1.3855512
-0.90806848
-1.8849671
-1.999015
-1
-0.20225393
-0.36881828
-1.6809551
-1.4467984
-2.9648964
-2.528012
-0.49222246
-1.7283118
-3.6680825
-2.4861821
-1
-1.5580859
-4.0466256
-2.0633062
-4.5830369
-2.2406145
-3.0418796
-3.9995502
0.16274422
-1.9494954
-0.86161244
-3.9266026
-2.2710576
-2.9509671
-1.0236328
-1.5196071
-2.7651894
-3.8110269
-1.9733022
-2.4460197
-2.8625809
-3.2868691
-2.6835764
-1.3407828
-2.4649772
-1.598864
-2.0660385
-3.6078307
-2.3329578
-0.47824567
-1.3118623
-3.9060398
-4.0784844
-5.0900687
-4.2258373
-2.7596206
0.073106664
-2.0647505
-4.0077905
-3.7134571
-2.7532114
-2.3718848
-3.9679863
-1.209928
-1.9090594
-1.8804692
-1.179896
-1.8681373
-2.3469909
-1.1199964
-1.0940471
-3.3381389
-3.1158725
-0.18969608
-2.9511103
-2.1797776
-2.2287345
-2.3575152
-2.5682018
-1
-0.54798041
-1.0942179
-1.1441875
-3.4481412
0.18195196
-2.1209837
-1
-3.3792852
-1
-0.22723596
-2.1040754
-1
-3.4376684
-2.3246553
-0.92694703
-1.9697303
-5.3067396
-0.77360734
-3.891085
-0.37955815
-1.7759463
-1.1864918
-2.0817586
-1.1518051
-3.8074244
-3.4499538
-1.0367721
-2.3207675
-0.7588193
-1.7104075
-2.2467623
-1.9053117
-2.5523987
-3.67547
-2.1241154
-3.0624006
-0.28024158
-1.5001194
-1.7928959
-1.4589141
-2.7736108
-0.95841151
-2.8344145
-2.2897099
-4.3905279
-1.6734295
-3.7068358
-3.5249947
-1.4761188
-1
-2.0600273
-2.3548621
-1.9172565
-2.9417334
-1
-3.8055196
-2.4492052
-1.2421963
-1.8498416
-2.7910538
-3.7726214
-1.7535152
-1.5017395
-0.99210601
-1.4493058
-1.6607978
-3.1929417
-2.9622061
-1.6244291
-4.5183866
-1.8699068
-1
-1.268018
-0.7428338
-2.2864728
-1.5119066
-0.50885079
-2.0769974
-1.4125107
-4.0110086
-1
-1.3252752
-1.9763672
-4.0401988
-2.4260192
-1.0970929
-1.625224
-1.7091801
-2.3659792
-5.305307
-2.5922221
-2.3021516
-1.3432328
-1
-1
-1
-0.7295067
-3.2588299
-0.83307005
-2.1188647
-0.39213424
-1.3376531
-3.6838695
-0.45174723
-4.5819024
-1.6228676
-2.2183817
-0.32949407
-4.0842086
-1.7953982
-1
-1.2480304
-2.8046672
-1.9017802
-0.80242566
-1.1299473
-1.7386254
-3.1015888
-3.6090657
-0.69398904
-4.5165623
-2.8542228
-2.0359224
-1
-2.7715504
-2.0350043
-1
-1.4247978
-2.5531253
-3.4495562
-2.7860587
-1.4845435
-1.2340499
-3.2534316
-2.5530104
-3.0865346
-2.8232173
-0.7953727
-3.0747558
-1
-2.0491522
-1.7051324
0.66563239
-1.5700186
-1
-0.48812665
-2.1262759
-2.6872374
-0.77709739
-4.1673567
-2.5850333
-1.5932381
-3.2955917
-2.856566
-4.0480231
-1
-2.5395699
-2.3032111
-2.4134569
-1.4956019
-1.0178637
-1.366209
-3.0831402
-1.3482443
-1.3195156
-2.6298055
-1.1690741
-1
-2.9784218
-0.511992
-1.5163087
-0.34109333
-3.2349907
-0.70416461
-4.0681364
-4.3455407
-3.5737758
-1.978347
-1
-2.8008825
-4.8422305
-2.0061164
-1
-1.167397
-1.3224297
-1
-1.8584587
-1
-1.3145363
-4.7584506
-4.0304817
-2.2291634
-1
-1
-1.770849
-2.8170033
-1.121468
-2.173892
-0.95825949
-2.6967623
-1
-0.43367016
-3.4639994
-1.0321198
-1.4090726
-1.4455866
-1.4293072
-1.42059
-1.6992317
-1.6213934
-2.8949801
-0.60684564
-3.3096977
-4.1309204
-0.95949783
-3.4961604
-0.80606728
-0.46772852
-1.282518
-0.81300699
-1.1104306
-1.000731
-1
-2.7325844
-2.5001594
-1.7159523
-0.62677409
-3.2886591
-2.8982517
-3.5217838
-2.2628911
-1.4904395
-1.6702343
-1.9822962
-1.8345507
-1.6787855
-2.574434
-2.5017842
-2.4052967
-0.7426962
-1.458172
-2.7102339
-1.5711085
-1.3597752
-4.149965
-3.2328257
-3.317709
-0.94733756
-2.2611842
-2.0599765
-1
-2.953196
-1
-1.6073047
-3.6897937
-3.0650732
-2.7825325
-3.2969807
-1
-1.7408314
-1.3081462
-2.9452415
-0.65608827
-1
-1.3686165
-1.4605639
0.0043397619
-1.1718403
-1.3330075
-3.0019135
-1.0974855
-1
-1.9887976
-2.3438358
-2.7695716
-1
-1.5404673
-2.2726228
1.6472531
-2.8949392
-1.6450212
-2.0094698
-3.7300971
-2.9365138
-2.9039527
-3.9329948
-1.8114453
-3.2769422
-4.0618392
-0.53673619
-5.0051175
-3.6462612
-1.0065816
-2.5984111
-0.31855443
-2.5560119
-3.1078863
-1.2732107
-1.7794375
-1.4716383
-2.0855151
-2.0923332
-1.3482592
-2.8287212
-3.5930874
-1.2213105
-0.52750616
-1.1713755
-1.7381089
-3.5064895
-1
-2.5976208
-2.0555615
-1
-1
-0.24455732
-3.7384907
-2.3181523
-1.3731556
-1.7050058
-3.6644872
-1.3546188
-3.3112371
-0.8413043
-3.7855724
-3.7785909
-0.015375004
-0.47974829
-2.9985141
-1.7717041
-2.3580977
-1.6513377
-0.90761185
-0.25611386
-1.9572008
-0.94172362
-1.4295661
-0.27037454
-1.6705702
-2.1513047
-2.6892937
-1.1257513
-1.8408151
-0.50877248
-0.85260308
-1.524151
-1.5430945
-2.5833141
-3.7050061
-1.5865404
-3.0096772
-0.87773389
-2.6984598
-3.1380119
-3.4528588
-1.3946943
-2.5241574
-2.515081
-1.7305158
-4.1014521
-1
-1.1199807
-1.5136597
-2.3909231
-2.4537076
-1.8330037
-1
-4.1434276
-1.4990324
-2.3564241
-1.3829023
-1.9913988
-4.9930205
-2.3691055
-3.3344495
-1.1806485
-2.7129577
-3.8951628
-1.8608864
-1.8031633
-1.1605021
-2.995696
-1
-1.222443
-1
-4.6998037
-2.7596757
-3.8913858
-0.94109185
-1.481021
-3.0265261
-3.0124309
-1.000086
-2.4109077
-1.7788458
-1.1298146
-1.8700158
0.68012969
-0.96418546
-1.6995353
-2.397421
-3.1466339
-1.0735852
-2.6787959
-2.3135515
-1.6009343
-3.2561681
-3.2126424
-2.5627236
-0.93766605
-1.47147
-0.67543164
-3.4516114
-1.6305931
-3.13595
-2.3164808
-2.7006189
-1
-0.73453138
-1.2846281
-5.0477866
-4.2743959
-1.747619
-1.5163564
-0.092865779
-4.00678
-1.2891282
-2.2668773
-4.4093634
-2.8975865
-2.8030518
-1.3606035
-4.8056648
-1.4279021
-3.050272
-2.1626947
-4.2184205
-2.188269
-1.2303313
-2.2475974
-0.07186759
-0.96431622
-2.5602074
-0.86375092
-1.3199956
-3.2013076
-0.45719678
-2.0246278
-2.9090795
-2.7821338
-1
-2.2100509
-1.2831707
-1.6293983
-2.9438523
-3.8988108
-2.0371623
-2.0663755
-1.9119311
-3.5123107
-1.6461408
-2.2271154
-1
-2.2220946
-2.5012792
-1
-1.5444959
-3.4191817
-3.791617
-0.99983445
-4.2424901
-1
-0.98410839
-3.6476321
-1
-3.3528592
-3.6004193
-1
-3.2759338
-2.3643063
-2.337564
-3.728487
-2.1230563
-1
-4.1392382
-1
-1.5172694
-3.1335378
-3.2724254
-0.23319979
-2.1179225
-3.4739331
-1.6009537
-2.2854702
-1.7487159
-2.043656
-1.068443
-4.1013185
-1.5346419
-0.37403412
-2.703262
-1.1531321
-1.0006908
-1.3252752
-2.1460104
-1.1497712
-2.218762
-3.0586486
-3.3982013
-0.50379526
-2.2462896
-1
-1
-2.9464598
-0.71783673
-3.5092397
-1.5007854
-1.0005237
-2.1508002
-3.278387
-2.4495841
-3.4441091
-3.8212242
-1.6802352
-0.57253476
-1.3711867
-2.0125975
-4.3981942
-2.71645
-1.3255518
-1.0233424
-1.694262
-1.8894947
-2.0530301
-3.4009357
-1.8618699
-2.6467641
-3.3216942
-1.1385999
-1.9095346
-1.2189474
-1
-1
-2.2123631
-4.035672
-1.8388462
-2.6847003
-2.5677107
-1.6288218
-1.007673
-2.151931
-1
-1
-1.4342333
-1
-2.3421465
-2.7254605
-2.7450816
-2.8975012
-0.33834636
-3.4498851
-1
-1.9341019
-1
-3.5382142
1.2824849
-1.5149616
-0.86021762
-4.3660696
0.018759384
-2.1290496
-1.1963526
-1.4489688
-1
-3.4608436
-1.5890841
-2.7629881
-1.6949139
-3.0086256
-3.4303336
-1.5813919
-2.7014097
-1
-4.8304956
-1.3144363
-3.099783
-1.0638891
-4.1126903
-2.0814755
-1.3140784
-1.2065704
-2.0686767
-4.0679743
-1.359342
-0.50849408
-1
-2.6483403
-2.1744803
-1.3222236
-2.5228546
-3.7752578
-1
-2.740999
-2.0376597
-1
-2.9581794
-2.5015173
-1.4325981
-3.3784585
-1.29309
-1.1351009
-2.6363256
-2.477492
-2.1061202
-1.0731789
-3.1688013
-5.6384676
-1.2793882
-2.1627116
-4.4484024
-2.1886861
-3.492795
-1.3018047
-2.9487283
-0.038581123
-0.85571302
-2.883994
-2.6931549
-1.7116617
-1
-1
-2.3164983
-1.484228
-2.311506
-2.4604256
-2.9934742
-1.5076395
-2.1366503
-2.7630758
-1.9252397
-1.57909
-0.9525939
-3.8430916
-1.2403475
-3.2351095
-1.1950198
-4.4216088
-3.6133487
-1.4556381
-1.7112457
-4.1343888
-2.5598241
-1.044384
-0.12976655
-3.5266209
-2.3464452
-1.4410824
-0.44845175
-3.3680464
-2.1127912
0.022398801
-1.7082126
-3.4886645
-2.0080063
-2.5117321
-2.10522
-1.943667
-3.6681094
-2.9932838
-0.72058474
-1.4528049
-0.68272914
-2.2310405
-1.7952408
-2.6566983
-1.5876468
-1.1131693
-3.0767392
-2.1887815
-1.7259415
-3.021185
-0.79293596
-0.10846379
-4.6164205
-3.034057
-0.49607044
-0.90028406
-1.4076095
-3.0990623
-1
-2.262283
-2.1481528
-0.8735888
-2.7177694
-2.0285259
-1.7839524
-2.409802
-1.8227594
-2.9492575
-1
-3.8673539
-0.99970336
-1.8938045
-1.7738568
-3.2079798
-1.9273341
-1.5936976
-4.4767897
-1
-1.6204203
-3.3751849
-1.3037375
-0.56597812
-0.8846793
-2.5526513
-0.79692915
-4.4624722
-0.69117725
-3.7352064
-1.1432363
-2.3703187
-2.1066032
-3.5064452
-2.0736607
-2.0046816
-3.8755419
-3.1196588
-2.1800217
-1.6305571
-1.1742795
-2.2196992
-3.6660249
-2.9652159
-3.3819117
-2.8610495
-2.165638
-4.1852246
-2.3365006
-1.3790465
-1
-2.5002017
-1.7063176
-2.7446173
-1
-0.89853531
-1.3830742
-1.8947468
-1
0.74046828
-1.0005833
-1.1412486
-1.8978946
-1.3445621
0.13117992
-2.6900943
-1.8589051
-4.9286153
-1
-2.267244
-1.9881575
-1.9672407
-1
-3.4512156
-2.1771919
-2.7789682
-1.9173741
-2.974511
-1.1383416
-3.4209984
-3.8434977
-1.5858742
-3.1525247
-0.31143186
-1.1153767
-1.2410621
-2.9346474
-2.6712261
-2.7335974
-1
-3.2446887
-0.92392204
-1.8419165
-2.501577
-1.1098954
-1.104394
-2.8310451
-4.7001469
-0.96900568
-1.3246842
-1.9463924
-1.069363
-2.6849537
-2.7026738
-3.711826
-1.2309052
-4.0855741
-1.3355394
-2.3766954
0.73338118
-1.9928825
-2.0884558
-1
-2.6722899
-3.1439579
-1.0230253
-3.3984211
-2.0055056
-4.5312138
-3.2795418
-2.5162985
-2.6479302
-0.13136671
-0.30276144
-1.4506118
-3.6105172
-1.3739706
-3.4581
-2.5446872
-1.0744994
-1.1728882
-3.1553394
-0.60348752
-1.0819146
-1
-3.208763
-5.0756234
-3.3012483
-1.9018665
-2.5706697
-3.4505577
-2.0007852
-1
-1.5355007
-2.635355
-3.6670556
-0.99974085
-1.5038141
-1.6547515
-2.0803508
-2.4547191
-3.9291771
-3.7266455
-0.77698168
-1.9910725
-1.8606378
-2.7764448
1.2969085
-2.7531542
-0.74923574
-3.011785
-2.4965198
-0.51527315
-2.6804524
0.27215688
-2.3998423
-1
-2.4791897
-3.6371917
-0.44957967
-1.0005435
-1.4277077
-1
-4.1251409
-0.83389704
-1
-3.0833947
-3.6913076
-1
-1.5538802
-2.516545
-5.1035953
-4.0622403
-3.2027446
-2.0060997
-3.3528411
-1.8141788
-1
-3.4134612
-3.9715466
-3.8778319
-2.179854
-2.3958057
-2.003739
-1
-1.9332335
-0.99945001
-1.1496406
-1
-1
-2.7256287
-2.9319778
-0.86833942
-1
-1.8069577
-3.2838924
0.58224439
-1.1563705
-4.022146
-0.78758542
-2.4815615
-1.5164777
-1.7339353
-2.7146791
-0.9784839
-2.3103734
-2.2776677
-2.9042639
-1.8748373
-2.3554409
-2.171272
-2.6629443
-0.97754702
-2.5900493
-1.5034863
-2.6976644
-2.8703258
-2.3347293
-0.8149974
-2.1595782
-1.1759965
-2.702012
-3.5436311
-1.8541699
-0.28213432
-2.420534
-0.47896893
-3.8423377
-1
-0.81554124
-0.54670348
-3.4258241
-3.21798
-4.712896
-2.5843034
-3.108478
-2.4405359
-3.4328532
-2.576009
-1
-1.7171068
-0.90542541
-1
-1.3843705
-2.2950379
-2.0777959
-1.7485121
-2.178366
-0.90774452
-2.6038435
-0.40750417
-0.3412925
-1.4392323
-1.0005821
-1.921526
-3.4610383
-3.5586483
-2.0722176
-0.8760251
-4.5320367
-3.6823341
-3.4905425
-1.8528982
-1.9646003
-0.39467813
-1.4161128
-2.6720363
-3.2684893
-1.9642906
-0.54383887
-0.73359238
-3.3299862
-1
-2.5584631
-3.4893911
-1
-3.183562
-1
-1.9014833
-2.4112536
-1.469813
-1.6576682
-2.0203497
-1.0352608
-3.5945171
0.20377376
-4.165905
-2.4270396
-0.10382682
-1
-1.1389308
-1
-1.584273
-3.3455518
-2.3904459
-4.158735
-1.8141489
-3.2657999
-1.8140786
-3.6789709
-1.4481417
-1.0813128
-0.96670601
-1.7035392
-4.4287071
-3.4162856
-1.8022087
-2.3986874
-3.1893866
-1
1.2387415
-2.7111494
-2.6116188
-1.0002039
-1.7406805
-3.9229675
-1.0685223
-2.5422676
-4.2376484
-1
-1.8562328
-2.4263695
-1.7724124
-3.1976195
-2.2294636
-1.9495255
-1.8756316
-1.1369
-1.5074408
-3.6455928
-2.6437134
-2.0509272
-1
-1.6607977
-1.3227597
-3.9096505
-2.292902
-1.6003642
-2.0329171
-1.8175403
-2.4402707
-0.5472464
-1.5491253
-1
-2.4102392
-3.1144055
-1.8119781
-2.3157454
-1.8240814
-1.3265076
-0.74198404
-3.1785961
-2.6249062
-2.3974812
-1.6925341
-3.1027345
-2.3404626
-1.0499643
0.23062438
-2.8128377
-3.0610636
-1.4056002
-3.5497782
-3.4669434
-3.4907327
-2.3179098
-1
-0.84062351
-3.2352166
-2.3649672
-0.75328568
-2.6909825
-4.7462798
-1
-3.8969083
-1.261278
-1.7095067
-1
-1.9946993
-2.8163364
-2.9128795
-5.0753174
-2.9963724
-2.2365832
-1.176314
-3.2193144
-2.7526803
-2.9408513
-1.3419621
-1
-1.0293005
-1.8078027
-3.9746278
-1.9760053
-3.8022913
-2.8888004
-2.2741648
-3.7187426
-1.8957967
0.23752706
-1
-4.4820548
-1
-1.1712751
-3.4203445
-2.0167114
-2.1969654
-2.6576982
-1.539997
-3.8283336
-1
-0.86885444
-0.89189814
-3.3665959
-2.2865543
-1
-1.9625437
-1.9934692
0.64288495
-3.875402
-3.0383307
-2.6446016
-1.6927015
-1
-1.3789751
-0.84823363
-2.6299387
-1.7288979
-2.4009151
-3.2356447
-1.4472044
-1.6124247
-2.2547367
-1.0731981
-2.3181896
-4.4251516
-0.93086473
-1.9233995
-0.49812679
-1.1249569
-2.0875328
-3.2795249
-1.6866323
-1.4546255
-0.97942243
-0.62775263
-2.1171181
-1.894525
-0.69378201
-1
-2.0503196
-3.8442446
-2.5592127
-1.4953203
-1
-3.7009219
-1
-3.5325478
-2.4397893
-1.5237664
-0.63023334
-1.0630854
-2.9542006
-1.3763424
0.77316006
-1.2928601
-2.6211142
-2.7325232
-1.7457797
-4.2582532
-1
-1.2439326
-1.3639353
-1.4461112
-1
-2.463997
-2.2816695
-1.0442743
-1.1329517
-3.6962534
-1.7104137
-1
-0.31223692
-1.7268659
-1.0786186
-1.1076997
-0.17917791
-0.98971484
-2.7327318
-0.73993637
-1.9326243
-3.0098209
-3.3834798
-2.9653039
-2.4601399
-2.6177786
-1.483435
-1.2793677
-2.0029123
-4.1006546
0.27825387
-1.1182039
-0.61190313
-1.3929635
-1.0102186
-3.8478266
-2.8084161
-0.37630446
-1.331812
-2.8342979
-0.30243751
-0.073407729
-2.3811435
-0.80167486
-2.1097509
-1.4964849
-2.4209701
-1.7252124
-1.4672363
-5.0508499
-1.5220788
-2.958456
-2.5617475
-1
-2.0350475
-1.5145575
-3.8237652
-4.0150314
-0.450671
-0.65138131
-1.8989622
-0.12509623
-1
-1.8498248
-4.0005595
-2.1809277
-1.0119493
-2.4066335
-1.1379737
-2.3430577
-2.8922265
-0.88340522
-1.7298525
-2.0932963
-1.9057052
-3.286515
-1
-1.4693305
-3.0461084
-2.4707078
-1.2226146
-2.5971341
-2.2272224
-2.2214462
-1.8935907
-1.9952621
-0.85123158
-2.2348045
-3.578193
-1
-1.6336664
-4.3240401
-1.0740399
-3.2117001
-4.9821438
-2.1686188
-2.5176732
-1.9102019
-1.4709296
-0.62765479
-1.0002404
-2.6320856
-1.9777459
-0.081116239
-3.2899502
-2.6584956
-4.3775593
-3.6396529
-1.3123465
-1
-1.8228318
-2.902872
-2.1304856
-2.5057595
-1.2003219
-1.9475606
-1.980701
-1.2767818
-2.5395715
-2.1012633
-1.0657425
-0.39092571
-3.6813715
-0.98799336
-1.7900434
-2.6643931
-2.4520659
-2.680577
-1.2945239
-2.0950231
-1.8864499
-2.7239883
-0.60366914
-1.5312059
-4.3642606
-1
-2.007732
-1
-2.3401405
-1.9089712
-2.4475102
-3.8048711
-1.6348536
-2.6361896
-2.2823667
-3.0070771
-0.81698433
-2.013963
-1.8807562
-4.1742655
-1.504191
-0.86592349
-3.249581
0.063490828
-2.1537726
-2.379374
-1.2378479
-1.0939031
-2.6549065
-2.9361058
-1.4085646
-0.56882614
-3.6588831
-1
-3.1285489
-2.8286828
-1.9438149
-0.94097962
-1.8340497
-1.8271644
-1.6337803
-3.1324152
-1
-0.76247399
-4.327375
-0.22505071
-1.9431519
-1.4980559
-1.0683655
-2.555793
-0.98603946
-1.2573749
0.21954633
-1
-1.9410567
-1
-2.8263297
-1.729665
-1.3472052
-1.7835681
-1
-0.43652346
-3.1656241
-4.4350109
-3.1136367
-2.5312727
-4.7539469
-0.8950698
-1.593004
-2.6394578
-1
-0.94211667
-4.2189924
-0.27547851
-3.4625848
-0.32456299
-2.3549515
-2.5506469
-2.8578453
-3.3793641
-2.2435471
-1.536362
-2.8572176
-1.6889471
-2.142045
-2.4470072
-0.34079719
-2.3501968
-2.344983
-1.0209313
-3.6660121
-2.1446812
-2.6152264
-3.6274741
-1
-0.66789618
-1.4255294
-1
-3.3083564
-3.718214
-0.81168504
-4.9406046
-1.1139895
-3.4264153
-1.4566426
-2.1853315
-1.4419419
-1.3949426
-2.5111258
-2.2167697
-1.7168335
-3.5856472
-2.7053978
-3.297905
-1
-1.4259226
-3.4504193
-2.2655724
-3.7719322
-1.2324517
-1.9149568
-0.23609292
-2.787879
-0.16490244
-4.2570876
-1.7138604
-1.5612652
-0.59042875
-4.2838748
-1.8912431
-0.7425901
-2.4694965
-0.58987133
-2.7216031
-1.8377198
-1.425996
-1.4256329
-1.6195676
-1.7400489
-0.58318197
-2.2146781
-1.5100631
-3.7384667
-1.3746197
-1.1318853
-2.6668965
-2.6295237
-3.1586443
-1.0341418
-4.7442345
-2.2730732
-2.8996841
-3.278466
-1
-2.6686288
-0.9638996
-1.7240512
-2.931798
-1.2855544
-1
-4.9912393
-2.1754258
-3.1136656
-1
-3.0876076
-3.9455181
-4.121493
-2.9567961
-0.18528325
-2.543476
-1
1.3060809
-1
-2.1856952
-0.25823151
-3.0735124
-3.0217358
-3.265161
-2.6271184
-1.4617642
-1.5327751
-4.2467465
0.32819244
-2.5286408
-2.3795228
-1.2897495
-1
-3.4822017
-3.4539529
0.67936864
-3.5747904
-1
-2.3488031
-1.2962306
-2.9164943
-0.8314093
-2.4235245
-1.0715048
-2.2496468
-1.3552656
-2.3852454
-4.5415513
-1.5380689
-1
-5.1314935
-1
-1.5927316
-2.8931575
-0.42940991
-2.2660137
-3.03737
-2.9378833
-0.60621647
-1.7996569
-2.3312811
-1
-1
-2.0454909
-1.6266547
-2.1999056
-0.96458142
-1.9700227
-0.24630677
-3.5479336
-2.5436195
-1.1264965
-0.86419162
-1
-4.2989211
-1.0262604
-2.0114775
-1
-2.5531977
-3.5382752
-2.6849883
-1.8451302
-2.5818235
-1.1338959
-1.3980293
-2.161296
-1
-1.4876571
-2.056784
-1.2445521
-0.92213797
-1.3332963
-1.8087365
-2.6593126
-1.27615
-0.035544922
-3.6794421
-2.7518909
-2.9610342
-2.4986022
-2.1071218
-2.5425127
-1.0000083
-0.096948367
-1.7080933
-2.7867641
-1.1480286
-2.2027463
-2.0781404
-1.9009145
-0.98253752
-1.921726
-1
-2.2230283
-1.000409
-1.5013055
-1
-1.9776046
-1
-4.4526461
-1.1394862
-3.6271357
0.25274437
-1.4635404
-1.8761722
-0.43287632
-2.1119503
-1.9035183
-2.4468806
-3.4744766
-3.3737336
-1.1749024
-2.9496401
-1.2942413
-3.7091978
-2.8964039
-2.2205536
-1.5432315
-3.7912582
-1.1550878
-1.0006995
-1.2134419
-2.7058709
-0.58347533
-3.4249432
-3.5323085
-1.4573678
-2.4751297
-1.8889531
-0.44340455
-1.6728081
-2.6419047
-1.0993235
-0.38177083
-1.0395521
-2.3680285
-0.88324298
-2.7377791
-3.2898557
-3.7684223
-3.252925
-2.9727369
-2.2873591
-1
-1
-2.1027026
-3.7985458
-2.2631255
-0.64352488
-3.2450119
-2.6648469
-1.9275547
-2.7860304
-3.713261
-3.7982275
-0.68454619
-3.1484778
-1
-1
-2.2457423
-1
-0.91229009
-2.7450482
-1.025226
-0.93021664
-1.1676587
-2.5261534
-1.5512926
-1.3849078
-1
-1.5854731
-4.121665
-0.42416961
-1.8713021
-1.7076976
-1.1713808
-2.0999555
-1
-3.6864825
-2.1830636
-1.7110577
-2.4585049
-3.8894229
-1.3239257
-1.0003224
-2.1703067
-2.8230398
-2.7399159
-0.97675137
-2.0672057
-2.7207151
-1.9614303
-1
-1.3993438
-4.0380845
-1.770742
-1
-2.2068092
-4.6458018
-2.0405132
-3.8897168
-4.2006434
-1.1967071
-1.3101637
-1
-2.9887102
-4.0901939
-1.1181707
-2.2532382
-4.5760777
-1.9342451
-1.9626039
-2.3941087
-1.8195546
-3.089931
-1.0001965
-2.3156161
-3.0964599
-1.4853924
-3.9781633
-1.5979022
-0.94903902
-0.31572064
-1
-1
-1.9764627
-0.97771742
-2.2961152
-3.2938311
-1.2650955
-1.3084983
-0.41599925
-0.34730745
-3.0875711
-4.1860021
-1
-2.0721317
-0.46895061
-0.72934123
-2.1427228
-3.4193703
-2.6993468
-2.1621356
-2.6373119
-1.0256823
-4.4059281
-0.95230549
-4.3316727
-2.000224
-2.6185594
-3.1462363
-0.80570157
-2.3739315
-0.49073728
-1.2358951
-1.9683447
-4.0419873
-2.2678351
-4.2972411
-4.3025367
-1
-1.9738789
-2.4163232
-1
-0.67310445
-1.6971593
-1.8627739
-3.294144
-3.5971468
-1.749318
-2.4900525
-1.6094284
-3.3131969
-1.2750081
-2.7227697
-0.95653941
-4.7627409
-0.12075195
-2.3016059
-1.5771379
-1.8331435
-3.2986193
-1
-3.2385254
-0.98056122
-3.2628612
-4.5022933
-0.92071762
-1.7645789
-1.4749517
-1.7747792
-1.5002099
-3.3280478
-1.0104022
-3.3515526
-2.1504575
-1.0231608
-1
-3.7580624
-1.3562466
-2.110482
-2.4405135
-0.27823189
-1
-1.8059549
-3.7493132
-2.6976298
-1.4428589
-0.87898174
-1.8376624
-1.9269229
-1
-1.6361382
-2.9443777
-1.3464418
-1.0801135
-4.3207546
-2.623267
-1.0004831
-1.881895
-3.8171659
-3.8807832
-1.9375343
-2.1263305
-3.2030969
-2.5752426
-1.7054579
-3.4746632
-3.6848526
-3.7866265
-2.5073036
-1.7358595
-1
-1.4524981
-1
-1
-1.4118417
-2.6284774
-1.2428139
-1.5764592
-2.6785545
-0.95568669
-2.9595038
-1
-1.3292991
-2.2014129
-4.0725517
-3.7370486
-1.1415737
-1.7303849
-1.4741093
-3.6508712
-2.1304651
-2.6583039
-1
-2.0926539
-1.2730488
-1
-2.8074727
-1.0162169
-1.8650027
-3.0973344
-1.2463888
-1
-1.2187509
-2.6086756
-4.7620958
-4.43377
-2.7479299
-0.49149896
-3.6364416
-0.74235256
-3.1595265
-3.6789692
-2.7315331
-4.2653609
-1
-2.3153369
-1.8064724
-2.5654364
-2.5587798
-2.7435638
-2.4230265
0.33333146
-2.7403882
-2.3645786
-1.1754923
-3.7010707
-1.2314512
-0.7301763
-3.232791
-1.0376922
-2.7902142
-3.0415366
-1.9163394
-1.7434342
-0.72355311
-0.69161145
-0.054351471
-1.5528183
-1.3123297
-2.7519325
-3.3319611
-3.1424771
-3.2078116
-3.2043489
-4.0325925
-0.96121935
-1
-1.1395851
-0.99936347
-1
-3.0715845
-3.2209884
-0.68655601
-1.1099084
-2.9210466
-1
-0.79141658
-1.7023299
-1.7408329
-1.7872472
-1.7559414
-1.8944137
-2.3012157
-1.0054159
-3.3655195
-2.1587036
-0.99991216
-3.4108059
-1.285886
-2.4891077
-2.3987314
-1.5456906
-2.1186811
-2.1965932
-3.474019
-3.4327226
-4.1074478
-4.4093291
-2.3645016
-4.2883508
-1.5209712
-4.3039448
-3.715445
-2.9785441
-1.4424966
-0.96865141
-3.8891157
-2.5215326
-0.85263038
-2.0889449
-2.1661384
-2.1529903
-0.24397118
-2.9618265
-4.6482938
-2.4107622
-0.7023357
-3.0705261
-1.1620771
-1.0166449
0.4110003
-0.95982764
-2.1860021
-0.030354735
-1.4743805
-1.6598993
-3.2747737
-2.2163914
-2.0062488
-1.449682
-1.6768971
-1
-1.4235332
0.1533917
-3.0712465
-1.6383609
-1.3878457
-2.5098495
-4.3925719
-1
-2.8297225
-1.7376419
-4.5630405
-2.5954688
-1.0995602
-1
-1.7463038
-2.2675095
-1.6349514
-3.0508149
-1.465638
-3.0102392
-4.5380074
-2.9902087
-1.0001563
-0.42893767
-2.9411335
-2.2926602
-1.8224717
-1
-1.9904049
-1.1418548
0.37292841
-2.1214795
-4.2784807
-1.9489835
-0.70452799
-1.0820165
-2.9469798
-1
-1.9325216
-2.2377489
-0.62198794
-2.1538539
-2.6443131
-1.934724
-3.1882851
-4.0181048
-2.4593318
-3.7410196
-1
-3.0735059
-1.0617992
-1
0.55799546
-1.69527
-1.2121987
-1
-1.2136291
-1.7417542
-3.5631156
-3.0635828
-3.8132238
0.12399334
-2.3709857
-3.4459192
-4.7333671
-3.1847546
-1.6890116
-0.26451934
-2.4467869
-4.0825546
-2.6775348
-2.8921789
-3.202802
-1.5557454
-1.789316
-2.3185164
-0.58958613
-0.72901985
-2.7296218
-1.0003409
-1.7214478
-3.307066
-1.4163611
-1.5533436
-1.2219544
-2.3694978
-0.11420883
-0.99965592
-1.6502712
-1.860839
-2.1843007
-1.165461
0.77824104
-3.4182034
-1.7336561
-1.0186772
-2.6939294
-1.7868846
-2.8228348
-2.3693688
-1.1040214
-1
-2.4463649
-0.99998074
-3.3122127
-1.0934048
-2.8557647
-1.2865528
-1.2954702
-2.5379327
-1.1507652
-1.5258042
-2.5224639
-1.6795742
-5.1651325
-2.9567337
-1.99168
-1.524493
-0.78165875
-2.4925887
